time,x,y,z,phi,theta,psi,x_velocity,y_velocity,z_velocity,phi_velocity,theta_velocity,psi_velocity,rotor_speed1,rotor_speed2,rotor_speed3,rotor_speed4
0.06,2.96787360953e-08,-2.00217124301e-08,10.0033368867,6.28315831487,6.28282713063,0.0,1.54088743532e-05,-2.0504727146e-06,0.111224447148,-0.00136522728819,-0.021909395877,0.0,441.6816442074214,439.87141057226404,440.17264638939116,440.05968284942907
0.12000000000000001,1.36855912738e-05,-9.20569822867e-07,10.0134959667,1.37691792261e-05,6.28113758412,0.0,0.000591899220311,-2.98181573023e-05,0.227394682618,0.00448376155071,-0.0451612721972,0.0,442.86758098743655,440.9509388301862,441.89553100161856,442.3773202013431
0.18,0.000105098856328,-1.17467582226e-06,10.0314337902,0.000424134286817,6.27850186249,0.0,0.0027447063488,5.85707355803e-05,0.370495686135,0.0111774966288,-0.0415716318764,0.0,450.2954732177764,450.5846503193258,450.17274984432976,450.71386699634127
0.23999999999999996,0.000385950588074,1.52592866947e-05,10.0586113338,0.0015071668808,6.27615014512,0.0,0.00688670942176,0.000590050586947,0.53535754801,0.0291147296848,-0.0348232626201,0.0,457.2167897501529,457.7533030048609,456.17844141687993,457.6082330921006
0.3,0.000925969654004,8.21190101194e-05,10.0901530991,0.00348331075125,6.27375618597,0.0,0.0113008013834,0.00179640140118,0.516041938976,0.0396511559657,-0.0527160399188,0.0,397.6033809421926,395.9598498103298,397.8437502407796,398.80770953762925
0.36000000000000004,0.00178763498392,0.000263037987007,10.1217911884,0.00678282483925,6.27058725751,0.0,0.0177078801115,0.00450074530902,0.538546261758,0.07515829062,-0.0530150115155,0.0,411.37817196554835,411.3496314740196,410.8211087401738,413.9590503566167
0.4200000000000001,0.0031225139874,0.000690309302725,10.1570969549,0.0110903002732,6.26709061542,0.0,0.0271248583591,0.0101917615441,0.638253232104,0.0640290806003,-0.071708773287,0.0,437.9634866167571,436.4035717981787,437.5856829725834,436.662424605023
0.48000000000000015,0.0051589213426,0.00158859824947,10.2020316046,0.0149580426397,6.26369346721,0.0,0.0412024853365,0.020211807536,0.859414380751,0.065314772913,-0.0366769911817,0.0,472.45587413200013,475.14640158947975,474.7274625544931,474.8288494997329
0.5400000000000001,0.00806282633776,0.0031417912105,10.2576437575,0.0184644527676,6.26172324331,0.0,0.0558145706136,0.0319635648748,0.994204602437,0.038870878054,-0.0260922757297,0.0,449.25363349536786,450.11051852022155,448.67746826810276,446.5279020585969
0.6000000000000002,0.0117937378481,0.00539133950371,10.3171943892,0.0207122541632,6.25992691357,0.0,0.068693581643,0.0432199835404,0.990811906247,0.0344890311719,-0.0390239017769,0.0,404.84169627008464,403.676176383896,403.68965350574365,403.2949296340085
0.6600000000000003,0.0164701150442,0.00847942477871,10.3824384911,0.02286459331,6.25826166204,0.0,0.0874058113272,0.0599566655531,1.18379986986,0.0385039652925,-0.0115212143748,0.0,465.7647883759154,467.9102365906201,466.1864538067356,466.5005333396817
0.7200000000000003,0.022333132737,0.0126524803724,10.460494022,0.0256145509405,6.25737926015,0.0,0.108115969345,0.0794507541365,1.41777944029,0.0574840865409,-0.0219908583611,0.0,479.31840344430145,478.52228197821256,478.46822284758395,479.91190474361986
0.7800000000000004,0.0293470167452,0.0179509212447,10.5481291433,0.0293912562347,6.25612770503,0.0,0.125805189013,0.0975232774704,1.50326774505,0.0720858110121,-0.0186872004266,0.0,434.24229750152705,434.5193117022514,433.8798885723629,435.1068673088765
0.8400000000000004,0.0374815554232,0.0244515012958,10.6421698808,0.0334825158699,6.25515701487,0.0,0.145451388745,0.11960519927,1.63123031801,0.0589601343336,-0.0115811554904,0.0,447.4800395350894,448.05816530448703,448.970984720582,447.90829080925647
0.9000000000000005,0.046848151113,0.0324041316573,10.7450999355,0.0375922978356,6.25399724433,0.0,0.166855421376,0.145907291552,1.79950090387,0.0828176664786,-0.0431057256202,0.0,461.965583499002,459.4732178879379,460.0619374436512,461.9501201175044
0.9600000000000005,0.0575130967141,0.0420070986109,10.8574368721,0.0420993296697,6.25126049756,0.0,0.188923950792,0.17470535645,1.94479403653,0.0516136427504,-0.051165536323,0.0,454.63203953107376,453.9846588709687,455.8649018231842,453.3688153914695
1.0200000000000005,0.0694802593162,0.0533195920289,10.9759199199,0.0449471001514,6.24863659743,0.0,0.210247950447,0.202659046414,2.00451201209,0.0375057097226,-0.0319461131084,0.0,426.81657091559396,428.45236557509344,429.00372120306446,427.8056266486922
1.0800000000000005,0.0828377463316,0.0664443402353,11.0998083097,0.0468566765393,6.24692730619,0.0,0.235182641266,0.235043211751,2.1248624181,0.016948066118,-0.0223420333236,0.0,447.6491796509219,448.42973985347913,447.9981807067541,446.3239393708706
1.1400000000000006,0.0977792174898,0.0816167098266,11.2323829645,0.0477913424281,6.2453365383,0.0,0.263015848813,0.270794776013,2.29395087055,0.0126859010035,-0.0365305686888,0.0,463.82559165152463,462.70984803323194,462.95403259586215,462.61845862775425
1.2000000000000006,0.114280832808,0.0987684576148,11.3712269267,0.0488118731805,6.24385800332,0.0,0.287198005937,0.301007937812,2.33408363078,0.0244926189993,-0.00776431395188,0.0,421.86726704270166,424.34351919453445,422.7238511447988,423.73994618270666
1.2600000000000007,0.132414972702,0.117951908532,11.5165056295,0.0502146695656,6.24307547654,0.0,0.317324043445,0.338582235076,2.50815491851,0.0210564444327,-0.0265328179355,0.0,465.81555501801,464.34568741507434,465.94430681104586,465.6756300414286
1.3200000000000007,0.152178047069,0.139170280088,11.6672618087,0.0517935894154,6.2411256578,0.0,0.341595710701,0.368820113245,2.51701183412,0.0351714844663,-0.0484109725658,0.0,415.66321708840735,413.7408984555633,412.33020774519855,413.5754891179553
1.3800000000000008,0.173791439832,0.162667741286,11.8268634208,0.054036621159,6.23815175983,0.0,0.379201112805,0.41467231056,2.80234076146,0.0414763813282,-0.0519781836492,0.0,499.06832274112605,498.8066504015148,497.95584407991396,498.4173249353808
1.4400000000000008,0.197518234986,0.18871318073,11.9987587838,0.0563086259831,6.23595648405,0.0,0.41194514952,0.453740596756,2.9271531265,0.0294426483231,-0.0163761914887,0.0,451.76575221939873,454.6264504702396,452.9824456601386,452.0143622291647
1.5000000000000009,0.223248374716,0.217147162568,12.1781251511,0.0580993551171,6.23516754377,0.0,0.44580024732,0.494223846784,3.05137325118,0.0306390941328,-0.00737061746441,0.0,452.95715178549904,453.680918906842,453.41843890824254,453.5148084318904
1.560000000000001,0.250869307253,0.247860132312,12.3617318392,0.0596006304939,6.23428346253,0.0,0.474944717025,0.529687457631,3.06878015974,0.01036035889,-0.0365634407908,0.0,421.43833012199883,418.9073855938976,420.5920283558163,418.8321296881919
1.620000000000001,0.280382269265,0.280871067427,12.5488446665,0.0606359280702,6.23194604305,0.0,0.509034349933,0.570741769886,3.16801152113,0.0283474126844,-0.0442329663695,0.0,447.0841964485898,446.4581043322735,445.54080135471605,447.00893948779867
1.680000000000001,0.311964280895,0.316338741025,12.7414098116,0.0621745822034,6.22920529272,0.0,0.54395181959,0.611654834129,3.25055329075,0.0196011947381,-0.0487399084577,0.0,442.6450401314745,442.27274762444887,441.74809139949133,441.0263904804062
1.740000000000001,0.345703052938,0.354296824618,12.9390429867,0.0635479641476,6.22670514781,0.0,0.580924636883,0.653719637963,3.33692827844,0.0287660821078,-0.0303493784561,0.0,442.6611892188478,444.17099873129183,443.64715288026633,444.3990854489583
1.8000000000000012,0.381874596733,0.394995930257,13.144804987,0.0652831064897,6.22498007021,0.0,0.624959415988,0.703071983664,3.52120491557,0.0292231632382,-0.0257331902447,0.0,474.0293621809145,474.383788660593,474.183708350238,474.2190037349371
1.8600000000000012,0.420584059092,0.438535981749,13.3591954886,0.0669989858837,6.22301274698,0.0,0.665504687276,0.74841118114,3.62477571154,0.0273175874962,-0.0531681035616,0.0,452.4240198472282,450.209026454071,450.74753782803197,450.5937219781347
1.9200000000000013,0.461677494498,0.484724848782,13.578233849,0.0683050325558,6.21945326866,0.0,0.704577262449,0.791339396974,3.67628395226,0.00734378184836,-0.0759596688795,0.0,436.75733651441004,434.84943064328786,435.6798186006372,434.0065401786636
1.9800000000000013,0.505340802338,0.533670472025,13.8027159737,0.0691086324874,6.21482978218,0.0,0.751322078646,0.840208041032,3.80596007333,0.0233557250819,-0.0793494016214,0.0,461.30252241631365,461.03028323148163,458.759572270809,460.0291695796608
2.0400000000000014,0.552087372023,0.585745355695,14.0375417643,0.070292866681,6.21009423703,0.0,0.80740458264,0.895711578389,4.02073921119,0.0112870766623,-0.0780921341558,0.0,486.8855279681495,486.9752005440273,486.5786707669773,485.6742220286583
2.1000000000000014,0.60209723435,0.640970141224,14.2823615458,0.0706675333476,6.20482763674,0.0,0.860052660113,0.945127394413,4.13941463035,-0.00646857651648,-0.127298307367,0.0,461.74984187824833,457.8438122527163,460.2205328845663,458.8128303701196
2.1600000000000015,0.655160985973,0.698959015786,14.5314373453,0.0700134174518,6.1970287508,0.0,0.909426962086,0.987765251696,4.16293324291,-0.0217024506667,-0.135967838201,0.0,430.5542544814727,429.80390463985736,431.87960519967277,430.5927624208178
2.2200000000000015,0.711514400382,0.759633511921,14.7839989987,0.0685683586495,6.18968697405,0.0,0.969756550198,1.03453488398,4.25534141562,-0.029332577894,-0.103798810778,0.0,452.13950184109854,454.7100908432098,452.9389022312177,452.3247217318778
2.2800000000000016,0.771792587842,0.823195387979,15.0437934032,0.0665930442322,6.18327474016,0.0,1.04014166567,1.08393089267,4.40380446155,-0.04129059175,-0.113850252458,0.0,471.5633874915793,470.7768577095683,471.32569559734907,470.4001425812096
2.3400000000000016,0.836025377002,0.889402636378,15.3084364645,0.0636066087198,6.17613782801,0.0,1.10155689644,1.12271708777,4.41748768716,-0.0778998144792,-0.131826170958,0.0,430.75591207547353,429.21938616131575,432.1337154959203,429.0341574154032
2.4000000000000017,0.904487952974,0.958109624675,15.5776849032,0.0584705293549,6.16872469397,0.0,1.18127911996,1.1669327527,4.55680022097,-0.109104338631,-0.110728064541,0.0,469.4083581620309,471.0296917222914,470.88267781716183,468.4561707120529
2.4600000000000017,0.9778798718,1.02933939411,15.855198191,0.0516157540714,6.16243591853,0.0,1.26573102486,1.20661449441,4.6930019372,-0.127268220864,-0.0950419205949,0.0,470.08863444875163,471.293645228132,470.66403981477134,469.24490277737203
2.520000000000002,1.055944557,1.10257574505,16.1365849637,0.0445071599088,6.15646339792,0.0,1.33691510794,1.23393708988,4.686526007,-0.105029212261,-0.110533923398,0.0,428.302987670663,426.9740551795979,424.9190425477577,426.8078908103699
2.580000000000002,1.1387780025,1.17745791184,16.4206263942,0.0381211929904,6.14978164433,0.0,1.42480375427,1.26144813773,4.78101900127,-0.109396370302,-0.113071996585,0.0,459.07814469889354,458.8661209180166,459.32582358841165,458.96976851129745
2.640000000000002,1.22672002881,1.25377183495,16.7081144366,0.0313587769835,6.14309160941,0.0,1.50717332689,1.28171817538,4.80172485126,-0.120314839059,-0.108532228851,0.0,436.57985117622013,436.94725696405476,437.38621250387536,436.46418848342154
2.700000000000002,1.31947219834,1.3311183877,16.9950724062,0.0236171721126,6.13658526141,0.0,1.58509805974,1.29587814845,4.76361046713,-0.158702781551,-0.108253751582,0.0,417.1559649179168,417.1690906629334,420.0944679902398,416.73426883839187
2.760000000000002,1.41701307534,1.40917633679,17.279794864,0.0149381594907,6.13006974629,0.0,1.66679593519,1.30529147201,4.72719847705,-0.125666867992,-0.109276368654,0.0,418.21941428238995,418.119122287678,416.81820950775847,419.6738544399054
2.820000000000002,1.52003934424,1.48769778758,17.5654014372,0.00791600411512,6.12352410436,0.0,1.76797391663,1.31136301632,4.79259889915,-0.103780010611,-0.108732145968,0.0,451.67514755463463,451.7087584615151,450.0197143008699,451.775721789593
2.880000000000002,1.62938465186,1.56645147714,17.8556810712,0.00202877229752,6.1169428672,0.0,1.87742906196,1.31313343228,4.88282643505,-0.0887036054629,-0.111667649556,0.0,460.0188196701644,459.77609458694036,459.36444510495,460.55055773640754
2.940000000000002,1.74435822651,1.6451847878,18.1450318176,6.27989834389,6.10985455625,0.0,1.95555047779,1.31092869139,4.76258375116,-0.0883805890562,-0.135996949126,0.0,392.7640966920755,390.48558742366356,390.22001572602863,390.2424487885358
3.000000000000002,1.8653592167,1.7236788837,18.4341834326,6.27424093745,6.10160230678,0.0,2.07853678265,1.30496836223,4.87506615392,-0.109989458278,-0.140807822071,0.0,467.78848503601245,467.3971471482083,467.79008285045126,466.09680258388914
3.0600000000000023,1.99351407792,1.80171083186,18.7279260283,6.26717617468,6.0936248865,0.0,2.19397293778,1.29545844533,4.9159326403,-0.141527173057,-0.120654734215,0.0,445.4561147189297,447.08483305445003,448.0063457477646,445.42115410122085
3.1200000000000023,2.12838626993,1.87906107442,19.022293061,6.25868288629,6.08750093984,0.0,2.30228116118,1.28215308595,4.89619536904,-0.141610065776,-0.0792191963014,0.0,425.43272749325644,428.95586079696614,428.00424012900083,427.9776872651318
3.1800000000000024,2.27123081156,1.95528422813,19.3224035308,6.25009623898,6.08248953558,0.0,2.45952135868,1.25762614853,5.10629551651,-0.146291174975,-0.0939284965694,0.0,499.29356368159523,498.2141714437756,498.83162557633807,498.47294860475216
3.2400000000000024,2.42270228335,2.02998301933,19.6305844294,6.24127063752,6.0766970156,0.0,2.58994939529,1.23149335875,5.16588429418,-0.148745948417,-0.102356645994,0.0,456.9246005268676,456.2443586179921,455.5660969642216,455.35002952913476
3.3000000000000025,2.58141347327,2.10308288634,19.9390371602,6.23231475214,6.07050550195,0.0,2.70089279714,1.20444372198,5.11587948899,-0.150321761796,-0.104915541603,0.0,422.0743236700867,421.84349381170983,420.8305831385935,420.6718224241592
3.3600000000000025,2.74719785943,2.17433480676,20.2459687522,6.22316622896,6.06364541849,0.0,2.82573085557,1.16983476679,5.11490385948,-0.157167366873,-0.150333196732,0.0,440.1887292162834,436.3999968850254,437.52590752955814,436.9330971965922
3.4200000000000026,2.92187864298,2.24299492167,20.5585155732,6.2137706535,6.0543513802,0.0,2.9977196486,1.11783081257,5.30195333808,-0.155469527817,-0.166091336355,0.0,496.6315893809063,495.45407755739143,496.6907296861677,496.7948640838081
3.4800000000000026,3.10629243242,2.30855973405,20.8788393207,6.20411651857,6.04469411604,0.0,3.15018502635,1.06678878938,5.37466873142,-0.174894732119,-0.15228204357,0.0,464.1379706542994,465.19713836840606,465.82223416105046,464.2766984634587
3.5400000000000027,3.30083377037,2.37060343123,21.2067382561,6.19362251918,6.03659310204,0.0,3.33515457388,1.00024850913,5.55384932359,-0.174910492603,-0.113227064148,0.0,496.88855184507224,499.72815033742154,498.8571938574786,498.830260233968
3.6000000000000028,3.50502769345,2.42899785999,21.5389872458,6.18256794261,6.03003852148,0.0,3.47177827431,0.945371295115,5.5208933281,-0.219226599789,-0.102280003703,0.0,434.87002733454005,435.7753712898268,437.5518463098695,433.8098492887944
3.660000000000003,3.71916461062,2.48325413549,21.8755465863,6.1690173518,6.02390695089,0.0,3.66643148315,0.861796943763,5.69628925832,-0.244271025742,-0.102019229952,0.0,500.8291687386167,500.8403721544566,501.8618072167294,499.99520702979095
3.720000000000003,3.94297230608,2.5331139813,22.2146151575,6.15393906464,6.01776615096,0.0,3.79426630789,0.799074979594,5.60605693729,-0.271520843004,-0.103009160491,0.0,419.0837795278911,418.9879210381561,421.33351119310225,418.9016128643812
3.780000000000003,4.17590725852,2.57831395283,22.5532460119,6.13791870418,6.01179914575,0.0,3.970558064,0.706103160613,5.68065186425,-0.259249863829,-0.0931475635044,0.0,472.42653596352676,473.17854961433204,474.16242917250645,475.03727627961933
3.840000000000003,4.4189247259,2.61793586431,22.8941863232,6.12301789048,6.0057436053,0.0,4.13034753227,0.61335873956,5.68344270139,-0.232529070061,-0.124828293606,0.0,453.7294671884352,451.169039776304,452.4241072186899,454.5095275913436
3.900000000000003,4.67131376568,2.65191380393,23.234161417,6.10878576784,5.99788651439,0.0,4.28311600973,0.518141275786,5.64860044119,-0.248707216365,-0.147443727542,0.0,442.66060851064293,440.77889747436615,442.77621225300817,441.3860002803255
3.960000000000003,4.93351874327,2.67962786761,23.5737595082,6.09388206717,5.98989660075,0.0,4.45756321283,0.404446998484,5.67042353085,-0.247779091021,-0.113970395457,0.0,460.67700715454725,463.30040674334384,461.3648595119945,461.3788099893327
4.020000000000002,5.20597779999,2.70046668654,23.9135053751,6.07918231357,5.98296757431,0.0,4.62478843701,0.289028966004,5.65377556241,-0.239951068705,-0.118693483749,0.0,451.34017876545323,450.9470177383842,450.6351644290454,451.20847270012047
4.080000000000001,5.488439104,2.71422408264,24.2517718238,6.06434455959,5.97591449063,0.0,4.790981145,0.168454547194,5.62115185394,-0.268954176894,-0.115361834313,0.0,446.92917224816074,447.1883900633872,448.5885104210689,446.1643214478727
4.14,5.78235974254,2.71954036556,24.5922764076,6.04793574877,5.97025407845,0.0,5.00652552683,0.00738093204301,5.7274057337,-0.28452940805,-0.0696977633293,0.0,491.5864392022079,494.9516174420645,493.8822821610378,492.6640178046806
4.199999999999998,6.08697366224,2.71654601093,24.9320999485,6.03070165584,5.96583706417,0.0,5.14751068706,-0.108407993131,5.60003300366,-0.293267736294,-0.0829034165648,0.0,419.633809633931,418.48091014868834,419.01559940587015,418.1654950998564
4.259999999999997,6.39991011015,2.70650114188,25.2637216372,6.01359103983,5.96125705654,0.0,5.28398224668,-0.227615572825,5.45405611329,-0.272591792359,-0.0656741489976,0.0,411.42974153470135,412.9475486741423,411.1639050482468,412.9020349965762
4.319999999999996,6.72238332739,2.68802212857,25.5903323802,5.9976958503,5.95758833693,0.0,5.46513204437,-0.389545144041,5.43215743068,-0.252852784313,-0.0533558959513,0.0,455.60313050998946,456.5845709332857,455.25054556605346,456.75832340077187
4.379999999999995,7.05551862412,2.65976402162,25.9148922196,5.98252946002,5.95412378629,0.0,5.63935637882,-0.553479557577,5.38583701229,-0.25261476056,-0.0683966867659,0.0,449.88345890226486,448.6613045453485,449.8341792059831,449.79016754832924
4.439999999999993,7.40048099866,2.62025307207,26.2403616531,5.96711633725,5.94979577663,0.0,5.85923553914,-0.764650216949,5.4615164132,-0.267171007007,-0.0809067387257,0.0,492.8549239154678,491.9257099107265,491.20617726736447,490.0654018547513
4.499999999999992,7.75727666946,2.56904998414,26.5663951134,5.95084827679,5.94543706407,0.0,6.03400784566,-0.943223959164,5.40544988231,-0.280526741259,-0.0598314626542,0.0,450.16363160408054,451.8620673362862,452.3758274017301,451.22549718348534
4.559999999999991,8.12403205941,2.5073994171,26.8874800103,5.93377927544,5.94197177135,0.0,6.19120514736,-1.11294631457,5.2969076124,-0.293855217352,-0.0538968780404,0.0,433.8291232983832,434.3248813030182,435.81401372092984,434.6138535341373
4.6199999999999894,8.50133736258,2.43424643193,27.204895275,5.91622993903,5.93938151351,0.0,6.38541450205,-1.32670098065,5.28237742943,-0.289893797079,-0.0275216084422,0.0,467.90751524413474,469.9557724858887,468.85209956568553,469.07781868031987
4.679999999999988,8.88975551262,2.34851230291,27.5199383172,5.89945358345,5.93819283025,0.0,6.5615764469,-1.53226560813,5.21820915191,-0.26446127556,-0.00767465601311,0.0,453.31505686849533,454.9075239054618,453.90083610438023,455.85975146375944
4.739999999999987,9.29137162101,2.24739159033,27.8379033387,5.88333248622,5.93799237278,0.0,6.82467107146,-1.83943164786,5.378100966,-0.278831082419,0.00415988771763,0.0,530.0991181097314,530.9119722737504,529.7563471795673,528.7066045723105
4.799999999999986,9.70609235151,2.13033967798,28.1586017757,5.86664754706,5.93800762571,0.0,6.99889197102,-2.06341747708,5.31094087942,-0.276628715096,-0.00900127822956,0.0,461.0615490657595,460.0202523416101,461.17076298954095,461.26956552536626
4.859999999999984,10.1311831301,1.99961891155,28.4750970684,5.84993570838,5.93736807347,0.0,7.17039242039,-2.29501434147,5.23791805358,-0.282624534288,-0.0142003094905,0.0,460.7370425651751,460.32581664961333,461.8627982223895,461.3140593460776
4.919999999999983,10.5657623089,1.85562989193,28.7851965812,5.83315925526,5.93655184789,0.0,7.3153395031,-2.50572199513,5.09817524436,-0.274181202094,-0.0124366145377,0.0,439.05790817994665,439.20437200874085,438.68566394801496,439.3061506105852
4.979999999999982,11.0115443919,1.69568251829,29.0931564289,5.81684281482,5.93557560389,0.0,7.54325015231,-2.82669886573,5.16483258719,-0.26780797438,-0.025322252054,0.0,512.5317379589872,511.6149803713567,513.2267078709336,513.6151299748421
5.0399999999999805,11.4697103071,1.51772572971,29.4018590274,5.80055831981,5.93390125079,0.0,7.72845174901,-3.10605236028,5.12365881688,-0.279785802558,-0.0336502830241,0.0,481.6427915711883,481.0121894144025,482.3901367571803,481.41611925332677
